00000000: 00110000 00110000 00110001 00110000 00110000 00110001  001001
00000006: 00110000 00110001 00100000 00110001 00110001 00110000  01 110
0000000c: 00110001 00110001 00110000 00110001 00110001 00100000  11011 
00000012: 00110000 00110000 00110001 00110001 00110000 00110000  001100
00000018: 00110001 00110001 00100000 00110001 00110001 00110000  11 110
0000001e: 00110001 00110000 00110001 00110000 00110001 00110001  101011
00000024: 00100000 00110001 00110001 00110000 00110000 00110001   11001
0000002a: 00110001 00110000 00110000 00100000 00110000 00110000  100 00
00000030: 00110001 00110001 00110000 00110000 00110001 00110001  110011
00000036: 00100000 00110001 00110001 00110000 00110000 00110000   11000
0000003c: 00110000 00110001 00110001 00100000 00110000 00110000  011 00
00000042: 00110001 00110001 00110001 00110001 00110000 00110000  111100
00000048: 00001010                                               .
