00000000: 01010100 01101000 01101001 01110011 00100000 01101001  This i
00000006: 01110011 00100000 01100001 00100000 01110100 01100101  s a te
0000000c: 01110011 01110100 00100000 01101111 01100110 00100000  st of 
00000012: 01110111 01101000 01100101 01110100 01101000 01100101  whethe
00000018: 01110010 00100000 01101101 01111001 00100000 01110000  r my p
0000001e: 01110010 01101111 01101010 01100101 01100011 01110100  roject
00000024: 00100000 01110111 01101111 01110010 01101011 01110011   works
0000002a: 00100000 01101111 01110010 00100000 01101110 01101111   or no
00000030: 01110100 00101110 00100000 01000001 01000010 01000011  t. ABC
00000036: 00100000 00110001 00110010 00110011 00110100 00110101   12345
0000003c: 00110110 00110111 00111000 00111001 00110000 00001010  67890.
00000042: 00100001 01000000 00100011 00100100 00100101 01011110  !@#$%^
00000048: 00100110 00101010 00101000 00101001 01111011 01111101  &*(){}
0000004e: 00111010 00100010 00111100 00111110 00111111 00001010  :"<>?.
